105
210
315
420
525
630
735
840
945
1050
-50
2500
3600
4700
5800
6900
7001
8112
9223
10334
15000
25000
35000
45000
55000
65000
75000
85000
95000
100000
111111
222222
333333
444444
555555
666666
777777
888888
999999
1234567
7654321
10203040
50607080
90101112
13141516
17181920
21222324
25262728
29303132
33343536
-1234
-5678
-9012
-3456
-7890
1000000
2000000
3000000
4000000
5000000
6000000
7000000
8000000
9000000
10000000
12345678
23456789
34567890
45678901
56789012
67890123
78901234
89012345
90123456
10111213
14151617
18192021
22232425
26272829
30313233
34353637
38394041
42434445
46474849
50515253
54555657
58596061
62636465
66676869
70717273
74757677
78798081
82838485
86878889
90919293
94959697
98991001
10101010
20202020
30303030
